750
339 341
470 471
617 581
108 105
813 814
243 242
27 26
521 522
10 8
993 995
846 847
832 796
401 402
409 383
543 544
51 52
101 99
289 285
833 795
454 415
407 408
481 482
93 91
259 162
15 12
853 856
490 458
794 751
20 18
138 137
861 862
438 443
31 30
376 413
840 841
236 231
115 114
701 703
686 689
800 801
368 371
372 373
735 737
386 388
912 915
982 984
657 619
95 94
422 424
620 622
200 199
168 169
195 227
459 461
615 582
134 133
151 150
156 155
410 414
474 475
873 876
929 930
857 858
280 263
714 715
327 290
297 330
273 304
390 392
65 44
837 834
128 262
952 953
198 130
119 118
249 248
206 204
894 897
808 810
990 991
697 664
720 721
816 817
956 957
624 625
343 344
609 612
510 511
492 455
572 573
651 653
668 670
47 49
36 32
583 585
517 518
172 129
665 666
66 67
932 934
960 927
434 437
88 86
183 185
881 919
765 769
72 71
562 563
147 146
659 661
288 321
345 350
705 709
353 355
163 165
716 717
726 731
740 700
884 885
770 773
759 760
744 750
144 143
0 537
947 949
466 469
553 558
879 838
124 123
871 872
797 798
252 250
637 643
158 157
825 828
545 547
307 291
753 758
153 152
82 80
501 503
394 395
256 253
6 2
131 188
523 524
40 37
528 529
512 513
336 882
365 366
918 920
318 264
375 338
675 676
996 965
977 979
835 961
452 417
447 449
673 674
444 445
246 244
324 270
710 711
464 465
937 940
805 806
866 868
534 498
496 494
660 382
985 988
568 571
226 224
126 57
535 579
525 527
958 928
973 974
941 943
234 257
173 175
180 182
335 171
774 781
681 683
762 763
902 903
662 699
891 892
818 824
403 405
967 968
476 478
684 685
61 64
58 59
695 696
428 432
589 590
495 618
238 237
564 566
218 215
426 427
160 161
196
314
83
588
197
836
78
771
113
125
550
286
761
645
802
723
546
109
472
241
567
127
890
416
217
488
294
154
732
219
969
728
28
725
260
638
962
179
779
497
557
745
22
595 598
577 542
79 76
607 608
96 69
628 630
910 911
104 102
384 385
788 789
117 116
266 322
310 331
484 487
599 600
559
601 603
576
706
223 221
145
201
277
387
149
381
942
939
950
359 363
254
964
53 55
867
480
508
799
775
300
555
468
793 752
54 46
211
606
954
301
275
295 269
320
578 580
913
924
623
38
187
13
50
287
877
367
654
889
87
994
181
247
635 636
216
631 632
739
19
329
561
746
633 634
404
271 306
887
504
11
880
972
34
349
364
228
450
348
451
864
370
899
360
963
923
698 749
214 207
23
551
5
980 981
4
904 909
485
139
679
90
313
92
616
768
704
281
148
792
757
423
729
81
830
629
855
433
296
411
539
677
648
103
467
803
479
548 552
756
429
777
509
302
644
457
541
166
755
89
48
337 999
613
627
900
926
167
614
641
265
907
456
418 419
208
499
898 901
202
398 399
594
507
549
916 883
532
905
530
462
463
945 946
292
688
736
586 587
782 783
712
896
500
70
68 97
936
9
35
21
860
986
951
305
85 84
190 191
98
389
992
106
3
844
845
998
718
570
831
159
944
820
708
347
533
393
391
251
584
111
120
272
707
516
245
743
41
554
25
610
502
921
987
888
663
671
878
870
189
812
436
352
650
970
361
435
358
60
978
852
178
362
229
225
460
526
669
233
73
863
605
604
400
284
328
886
442
279
597
596
906
369
821
396
203
39
299
406
719
261
267
421
865
786
311
687
255
232
935
483
430
922
754
815
142
278
656
804
827
100
309
514
283
811
177
851
849
850
724
727
682
693
536
140
473
776
439
440
640
240
839
933
908
591
565
319
975
62
29
7
925
593
446
931
560
212
213
787
193
222
274
875
24
997
63
702
412
184
346
842
186
917
174
692
791
298
315
733
77
356
377
574
809
742
690
75
136
380
713
680
332
45
378
869
1
819
209
540
983
807
778
822
893
785
486
667
652
489
491
823
826
895
790
121
312
658
303
342
453
672
520
519
425
611
874
239
621
647
829
351
431
325
854
357
374
164
326
316
655
848
323
914
170
354
976
334
176
132
741
258
767
230
966
538
772
293
112
110
235
205
592
747
938
955
556
843
531
397
730
515
74
678
441
107
379
764
738
340
575
780
602
333
16
784
971
477
276
210
649
493
308
646
506
505
14
766
268
317
722
734
135
141
448
859
626
639
420
569
691
33
42
989
282
694
220
948
43
192
17
194
959
642
748
122
56
